batch_size: 7
captions_per_image: 1
delete_captions_pickle: true
embedding_dim: 275
encoder_lr: 0.059798549754483704
epochs: 201
gamma1: 39.81915852869338
gamma2: 51.1301
gamma3: 26.8084
gpu: 0
rnn_grad_clip: 0.5273863513519469
snapshot-interval: 100
train_split: 1.0
validation_split: 1.0
words_num: 145
