batch_size: 7
captions_per_image: 1
delete_captions_pickle: true
embedding_dim: 315
encoder_lr: 0.5405147588369471
epochs: 201
gamma1: 266.4302769852824
gamma2: 36.21473066134876
gamma3: 65.22665073103775
gpu: 0
rnn_grad_clip: 0.3288562144497824
snapshot-interval: 100
train_split: 1.0
validation_split: 1.0
words_num: 166
