batch_size: 7
captions_per_image: 1
delete_captions_pickle: true
embedding_dim: 321
encoder_lr: 0.48332720223300135
epochs: 201
gamma1: 245.82644455996277
gamma2: 37.705892542287046
gamma3: 48.69642134862124
gpu: 0
rnn_grad_clip: 0.3604227241375317
snapshot-interval: 100
train_split: 1.0
validation_split: 1.0
words_num: 164
