batch_size: 7
captions_per_image: 1
delete_captions_pickle: true
embedding_dim: 195
encoder_lr: 0.591345370326984
epochs: 201
gamma1: 84.35777419523959
gamma2: 165.08135707845798
gamma3: 37.44944215672923
gpu: 0
rnn_grad_clip: 0.9007390657633584
snapshot-interval: 100
train_split: 1.0
validation_split: 1.0
words_num: 231
