batch_size: 7
captions_per_image: 1
delete_captions_pickle: true
embedding_dim: 439
encoder_lr: 0.0013037200880573958
epochs: 201
gamma1: 90.88178447982853
gamma2: 51.1301
gamma3: 26.8084
gpu: 0
rnn_grad_clip: 0.6174848119236913
snapshot-interval: 100
train_split: 1.0
validation_split: 1.0
words_num: 14
