batch_size: 7
captions_per_image: 1
delete_captions_pickle: true
embedding_dim: 363
encoder_lr: 0.08041464430223676
epochs: 201
gamma1: 198.19855663254074
gamma2: 51.1301
gamma3: 26.8084
gpu: 0
rnn_grad_clip: 0.8654167326824093
snapshot-interval: 100
train_split: 1.0
validation_split: 1.0
words_num: 185
