batch_size: 7
captions_per_image: 1
delete_captions_pickle: true
embedding_dim: 359
encoder_lr: 0.0870171180226617
epochs: 201
gamma1: 141.3940657991884
gamma2: 51.1301
gamma3: 26.8084
gpu: 0
rnn_grad_clip: 0.7582498662227142
snapshot-interval: 100
train_split: 1.0
validation_split: 1.0
words_num: 107
