batch_size: 7
captions_per_image: 1
delete_captions_pickle: true
embedding_dim: 427
encoder_lr: 0.12064484858193367
epochs: 201
gamma1: 65.43961760426436
gamma2: 51.1301
gamma3: 26.8084
gpu: 0
rnn_grad_clip: 0.2568891107700689
snapshot-interval: 100
train_split: 1.0
validation_split: 1.0
words_num: 179
