batch_size: 7
captions_per_image: 1
delete_captions_pickle: true
embedding_dim: 381
encoder_lr: 0.658924689722354
epochs: 201
gamma1: 117.0785937128128
gamma2: 51.1301
gamma3: 26.8084
gpu: 0
rnn_grad_clip: 0.8482666932694434
snapshot-interval: 100
train_split: 1.0
validation_split: 1.0
words_num: 193
